669
784
861
780
956
850
941
907
911
939
1106
999
780
881
547
913
892
926
794
809
937
955
786
1057
797
957
912
985
989
902
914
1063
792
1062
825
739
1051
817
798
870
1041
711
811
900
1066
777
771
1034
760
1039
770
930
1187
998
875
1012
770
948
865
1045
931
884
754
862
785
825
853
870
1045
867
868
922
811
1012
851
1055
912
734
950
902
1121
1011
937
821
1114
736
776
898
851
772
990
1036
864
851
906
912
861
894
867
743
973
899
856
970
875
873
1091
795
930
972
927
735
710
964
854
777
988
868
1027
915
839
929
1009
775
835
1025
969
852
973
885
856
nan
753
934
1000
853
799
908
858
945
822
948
862
827
1089
865
903
902
840
1030
922
805
938
917
990
965
918
905
1023
1073
871
879
821
857
898
868
895
1049
1004
819
759
nan
861
905
804
766
951
958
891
1002
949
898
926
858
974
713
1055
828
1095
792
879
756
1090
916
1062
1002
737
988
823
920
791
1080
963
946
1040
885
889
796
882
851
981
666
898
728
989
767
885
1018
917
805
884
904
801
777
827
886
970
981
829
910
847
705
970
815
1002
903
824
812
874
858
790
905
899
809
859
972
863
840
727
795
795
1082
673
930
767
977
672
961
749
1049
712
945
1030
867
987
942
848
721
866
882
813
998
816
868
1000
899
913
700
1051
978
841
1111
907
923
927
806
832
735
944
972
912
963
1001
803
806
864
984
828
858
722
893
1043
744
934
822
895
865
846
944
853
838
834
892
889
872
945
769
874
804
978
1002
879
849
916
1062
970
827
998
851
709
978
830
1032
814
665
962
859
930
1114
986
776
822
959
894
895
811
966
590
893
940
1029
810
750
985
829
817
944
800
952
972
831
938
1019
921
831
897
903
920
833
884
984
844
806
894
1036
765
935
836
1028
979
986
869
948
789
856
798
830
922
671
1109
813
845
1116
843
942
904
696
853
1002
902
832
831
827
944
802
769
815
1048
1045
890
nan
880
798
782
1282
854
941
852
803
924
952
928
803
835
764
894
880
936
766
682
873
891
930
724
861
862
928
875
933
806
952
1007
974
807
922
911
761
806
837
655
929
816
885
1044
1094
880
918
805
881
nan
854
863
1059
949
828
959
1002
904
898
996
934
915
947
816
973
822
923
893
833
884
874
937
829
872
857
968
795
1025
848
nan
804
773
747
834
993
838
1012
888
868
923
847
995
932
755
833
1104
938
831
1105
791
1163
946
788
1011
899
1129
890
993
938
868
678
859
935
857
951
913
913
1057
859
848
1050
879
924
1012
793
984
874
855
899
890
nan
893
1031
954
nan
992
843
869
812
926
929
1126
876
928
786
963
973
nan
893
739
716
1005
1090
924
760
1082
862
726
864
766
902
1032
887
731
970
930
892
783
1109
765
827
849
855
835
863
988
911
1017
883
794
910
919
1042
794
968
997
1062
761
971
742
898
nan
930
1054
1019
908
894
819
935
1122
872
989
981
825
842
790
980
811
968
912
902
915
946
1001
928
988
1040
1035
nan
1000
788
1118
784
nan
1006
993
914
772
777
925
962
770
982
748
882
871
904
906
794
815
nan
850
886
888
950
910
881
873
963
782
1015
960
999
777
695
696
843
913
945
805
909
812
999
943
856
980
981
964
nan
823
776
750
695
925
828
731
1002
940
1061
888
920
1072
999
689
847
757
811
859
971
1003
941
895
860
955
897
856
1010
1104
908
755
897
843
1036
884
981
917
978
816
814
968
844
882
763
757
772
906
776
1048
1094
919
788
1029
899
1078
836
976
778
675
827
983
809
819
789
936
1001
667
981
988
809
988
733
1011
984
900
924
746
925
965
935
771
980
827
799
924
821
834
859
876
880
651
816
812
729
909
698
709
873
693
817
879
904
832
1055
955
769
1021
1063
997
843
1019
1010
1030
1020
797
925
892
806
899
777
nan
784
1001
963
932
916
973
642
1077
925
927
827
861
1007
1026
999
1009
788
723
911
794
936
nan
848
992
772
900
892
945
770
1079
877
912
805
884
996
nan
773
975
800
871
934
908
911
768
869
825
792
872
949
790
916
852
851
857
861
984
992
845
753
910
832
786
1091
956
881
871
748
1020
858
970
840
937
1028
1115
817
909
956
881
936
823
838
967
900
nan
922
874
998
910
833
1115
941
875
923
904
824
970
899
1006
669
786
1016
978
1004
913
956
898
835
898
940
1121
906
nan
945
1013
846
760
867
908
722
1023
706
909
886
777
871
872
884
887
1027
885
1096
883
1020
878
858
1003
910
971
873
1002
899
977
897
851
987
975
913
803
1004
986
754
886
781
879
1038
1011
965
984
1022
965
940
822
851
945
950
902
903
894
956
675
922
803
970
1026
790
876
834
987
1026
843
1045
860
771
907
979
891
812
844
966
808
966
748
719
909
942
876
nan
885
800
864
869
761
933
879
1017
886
843
701
885
1101
807
909
910
990
947
898
1040
912
684
913
803
894
1080
848
842
1157
897
860
898
1079
944
1049
1057
1003
1027
889
1014
842
778
928
915
965
959
837
821
1045
1020
1051
996
nan
1080
745
890
948
891
914
877
1017
1023
1010
825
860
964
695
907
911
1010
638
1004
913
927
1116
904
872
1119
913
781
1149
864
999
838
813
997
813
826
881
844
916
891
862
1091
892
763
841
973
882
819
956
907
928
1001
944
880
950
652
898
959
737
961
1130
843
864
755
998
975
887
787
988
688
1134
904
970
875
978
942
967
764
779
878
827
877
738
799
1042
968
901
898
933
952
809
872
827
816
972
935
704
952
890
869
831
906
1043
716
988
811
930
1204
888
1104
1088
913
912
915
868
858
936
1046
936
1021
715
1070
988
835
931
873
958
857
931
965
1090
913
880
841
831
850
881
917
932
970
798
935
830
902
882
760
983
907
864
946
831
770
924
703
809
850
889
1020
810
1128
816
899
788
827
928
1108
950
867
883
875
894
951
859
776
896
873
1016
902
1023
1071
962
nan
1011
1027
955
1138
890
886
1066
979
1052
938
885
817
967
910
761
985
898
879
774
947
988
910
772
968
804
771
723
950
1051
942
917
nan
nan
1008
945
844
1018
1039
854
805
996
991
952
696
834
845
814
1001
1039
861
785
834
892
757
812
991
789
995
826
968
979
1163
1139
746
847
753
872
766
941
965
809
953
792
873
811
842
863
920
960
847
891
910
798
1081
1077
734
788
763
854
841
900
961
921
989
642
847
880
nan
857
885
992
941
955
986
1020
845
848
1018
847
1014
955
781
874
914
875
995
887
902
889
921
968
1144
865
852
892
680
nan
865
746
924
933
1085
768
980
777
848
726
911
829
781
982
1039
906
1142
816
787
913
1115
1062
859
632
886
789
844
944
791
774
783
720
773
906
960
964
782
836
809
823
826
776
908
946
907
843
885
791
774
829
1054
985
893
873
1153
891
853
781
1041
1139
895
797
948
nan
935
717
787
925
897
1124
956
848
917
907
943
946
934
981
965
968
842
862
833
763
854
735
984
887
904
943
778
843
898
929
1080
914
1062
1047
998
1103
965
908
821
986
789
784
815
1087
893
915
857
822
781
802
950
752
818
958
nan
1063
794
878
985
623
967
872
867
835
693
863
858
812
942
1016
982
972
946
746
824
860
931
838
861
1091
982
942
815
869
809
812
962
837
784
976
916
1045
932
999
834
1060
869
699
901
929
949
878
964
951
932
1077
919
1012
903
934
1082
901
769
948
756
950
733
739
968
947
785
1043
788
824
872
855
918
770
968
965
954
764
730
799
918
1153
847
851
861
810
735
945
974
800
826
846
970
842
872
1015
957
825
995
883
765
968
930
888
1044
890
775
950
929
962
780
905
723
1126
1077
823
877
980
844
884
830
662
754
924
844
753
982
765
895
847
833
871
976
952
938
804
996
931
670
842
892
790
698
910
807
737
nan
975
968
831
802
889
796
1029
975
946
832
857
973
936
936
954
1051
831
977
732
924
930
808
736
960
1021
903
880
949
886
858
nan
970
958
839
950
646
971
856
989
928
929
1081
971
885
801
855
966
729
1137
942
857
823
1014
867
1087
1011
706
732
854
812
787
949
900
830
908
835
883
793
803
843
921
858
843
793
794
997
806
925
978
1068
861
764
742
864
1064
844
909
996
921
1011
767
759
866
812
976
965
770
872
779
772
922
805
1121
1087
773
1021
861
913
931
862
820
906
886
850
1023
962
879
992
687
878
854
1005
828
858
821
704
996
863
833
863
802
828
772
998
1071
896
902
823
952
1111
904
877
895
915
853
958
1029
953
1159
812
747
829
859
nan
749
869
1069
846
839
871
960
733
809
806
718
953
948
899
797
908
680
1109
870
953
907
1018
788
1057
908
788
947
684
815
883
849
1047
1000
909
863
927
1141
854
805
816
957
793
906
847
834
863
769
805
958
949
901
838
904
1015
1056
842
1014
920
761
858
715
864
733
919
872
781
927
860
1031
951
966
1069
992
nan
938
1002
862
784
889
nan
984
905
603
760
972
803
680
920
988
874
1014
1072
863
854
928
787
1037
966
937
903
1019
697
nan
824
959
879
903
1001
876
937
nan
814
872
949
864
978
1034
712
912
1101
886
1073
787
808
875
812
1034
990
800
1016
863
895
659
857
841
845
859
809
864
919
918
901
1045
724
732
848
907
961
1012
790
935
942
819
811
932
997
1024
958
946
752
652
972
975
1001
916
1004
908
629
881
1001
1094
770
758
896
913
717
930
764
946
696
962
nan
910
1153
953
843
764
892
828
930
958
841
873
920
877
774
975
680
892
866
836
1006
913
966
905
842
1015
894
788
917
902
1048
929
1013
833
nan
791
984
801
992
751
766
966
941
985
945
951
922
752
946
857
895
1048
825
748
827
1061
1166
914
987
960
778
900
878
779
1035
722
841
985
nan
1051
1010
707
904
814
939
nan
1018
780
887
830
892
879
925
879
1106
1017
769
908
769
931
1051
864
1040
935
942
900
842
893
952
816
931
803
980
966
883
897
905
902
757
1038
829
1019
855
877
874
1029
1077
845
1117
912
722
822
820
795
1030
814
1067
766
940
883
1047
912
964
800
943
848
871
852
801
572
940
926
972
762
1044
969
943
911
958
1037
850
848
942
960
858
827
1026
739
763
1087
1103
906
955
1005
785
982
881
687
895
972
829
833
964
1034
836
955
919
873
808
860
1009
901
988
958
889
981
886
889
744
956
898
1005
927
948
935
1067
802
1018
1016
1126
899
nan
1115
1043
906
903
842
865
853
845
1016
984
885
905
834
842
821
1017
785
917
693
848
1003
969
824
987
972
759
988
819
1111
927
813
862
932
749
1023
725
913
802
999
799
880
891
881
859
1026
931
890
639
751
771
1054
1139
906
850
774
993
797
933
1000
966
973
796
942
847
828
813
873
925
886
894
1021
814
797
959
753
932
1078
926
733
778
797
818
1066
915
921
nan
912
1132
1023
988
988
901
1006
992
1069
1055
997
846
1033
975
858
986
871
nan
882
825
811
999
863
988
946
867
977
915
841
788
908
980
885
779
831
876
737
904
1011
1007
941
921
986
887
1072
1047
912
808
769
895
799
1152
819
733
937
1075
774
860
868
851
876
858
885
823
1015
821
859
920
824
978
967
916
891
874
817
916
827
825
780
920
763
888
893
931
841
880
916
1040
843
824
947
912
1022
817
957
955
809
747
822
838
831
682
677
770
881
916
908
937
1048
812
786
861
848
1021
886
737
934
758
958
678
979
999
771
981
907
935
898
934
1022
1180
934
757
911
849
883
1021
938
1052
963
1031
905
999
817
1009
970
nan
861
762
1009
882
841
764
943
908
844
959
856
906
924
984
841
838
977
890
714
809
795
961
1029
1030
747
1020
779
811
993
860
nan
808
930
935
747
1074
774
974
818
1038
848
910
896
1095
788
834
877
770
1039
772
928
nan
831
869
883
1168
1050
833
999
653
919
928
939
912
1120
738
977
726
849
1037
848
790
765
977
930
833
nan
828
763
858
934
851
828
986
933
983
919
988
857
1019
785
906
912
1033
920
1040
867
927
802
883
864
956
968
839
922
934
903
844
909
943
nan
823
950
1011
942
899
1007
903
869
882
880
754
980
909
823
879
1016
736
930
939
978
928
948
975
891
1147
878
671
802
1107
864
834
681
878
877
846
956
940
935
960
860
786
959
1021
851
875
848
940
781
903
876
991
862
917
1035
872
984
751
775
908
895
883
822
633
1065
1077
842
964
803
966
837
765
987
901
897
873
916
949
969
1027
986
925
1026
837
834
706
856
697
893
932
1014
796
796
857
1071
908
1037
958
886
952
885
852
848
993
961
954
848
851
934
731
702
880
939
905
866
885
982
710
822
1006
941
837
1143
1091
904
911
952
879
781
890
1080
879
743
732
704
1036
752
801
753
903
1071
1027
849
832
879
864
887
925
1008
901
1008
1004
945
828
768
867
770
822
947
1079
1034
935
964
1051
898
962
808
870
1063
857
933
824
890
850
855
1029
833
971
955
988
952
656
865
721
955
881
781
934
845
887
771
1089
888
840
1094
872
965
900
929
957
915
1044
977
978
876
824
862
878
994
973
1048
864
867
998
883
937
906
986
909
984
1104
849
895
846
876
817
794
832
765
752
749
984
1063
879
805
835
983
803
772
890
759
844
886
905
950
948
1034
850
905
994
714
841
958
881
865
974
818
973
1081
865
878
802
974
967
843
812
1036
898
934
984
942
1078
989
780
1041
846
1027
847
742
nan
1021
917
709
920
1065
845
826
884
842
983
937
nan
1011
854
899
768
928
863
837
995
777
995
858
825
832
813
967
892
887
846
938
747
765
885
873
1006
1146
901
nan
865
937
979
702
841
781
824
1074
771
944
875
734
925
740
886
1088
716
931
824
959
833
941
812
898
794
948
891
772
1101
782
985
nan
1024
863
978
779
939
793
714
766
819
924
988
861
865
1027
872
983
882
932
747
961
688
1127
853
844
817
851
824
1012
856
nan
1051
805
662
1110
869
nan
847
864
956
807
703
997
1181
955
776
834
960
962
829
1129
982
940
952
899
1078
993
1023
788
918
858
1017
917
797
863
923
837
994
954
913
801
838
872
794
896
785
859
988
737
799
773
902
856
913
943
1127
793
893
1126
921
880
956
789
908
950
800
837
1043
916
696
948
1093
961
949
846
902
738
712
972
903
1136
862
988
825
752
1012
939
1062
796
1085
978
888
1136
780
1012
707
925
1064
781
1038
898
927
908
885
887
907
864
691
997
nan
983
1124
1083
839
885
925
842
834
725
971
1069
940
913
886
975
966
895
898
887
971
839
1073
895
869
844
921
890
770
1011
823
846
1019
844
880
702
822
842
967
877
1040
918
886
703
843
1229
832
935
864
nan
1017
779
925
1024
814
881
855
892
839
911
966
721
849
956
842
952
815
827
821
980
944
nan
796
809
866
976
1084
970
853
785
1068
721
888
987
1123
818
821
924
943
961
763
898
1036
1003
829
986
924
704
809
953
957
789
975
1139
888
770
939
1083
810
1066
965
786
870
723
977
767
893
922
884
914
985
934
1230
797
1034
849
870
886
1000
934
824
825
nan
1048
1095
1023
878
1029
898
753
851
924
905
909
887
847
924
996
756
956
827
943
1085
809
807
695
710
824
789
736
896
794
834
875
1058
783
1002
1018
857
1014
1019
881
871
969
959
870
931
912
932
891
910
913
979
895
827
966
982
784
976
915
902
925
1050
840
860
837
982
662
875
889
895
884
955
973
823
968
801
nan
876
924
895
932
900
850
934
823
780
921
893
1041
992
865
956
767
681
932
685
996
870
829
930
1042
1014
850
887
826
773
895
842
754
834
838
899
750
862
868
784
862
920
976
nan
1062
926
782
1083
719
912
912
836
728
757
915
803
877
747
952
917
895
926
1042
941
1004
866
771
887
877
673
857
958
907
839
802
805
873
924
979
965
1016
807
986
1050
960
912
812
849
1110
930
946
912
1060
899
969
887
875
885
927
846
940
846
749
1009
896
941
1061
894
1037
1041
nan
968
1141
897
1132
1033
997
932
810
888
911
nan
830
933
1004
875
1045
850
942
915
846
875
1072
1005
1002
726
882
862
705
944
893
854
879
877
943
877
810
992
982
847
806
980
776
907
731
939
778
916
949
806
742
862
1061
940
813
1015
808
933
779
883
1104
798
861
979
953
950
922
839
832
878
nan
1017
766
774
870
931
776
802
819
878
865
681
778
872
1116
834
1027
1136
921
928
850
790
962
1007
875
nan
744
907
870
890
853
935
1076
757
886
762
987
944
985
872
1001
932
767
863
939
849
991
1056
999
1072
895
1031
802
903
934
807
1014
904
871
835
895
959
810
1091
981
762
924
nan
824
1131
998
952
807
775
894
970
810
860
787
1024
819
878
915
888
826
929
1179
740
1042
982
882
909
832
872
911
891
1027
870
983
812
874
955
1102
859
1007
952
922
nan
903
956
1106
945
976
971
1029
760
892
820
935
1054
951
853
935
738
789
936
908
827
905
907
953
1153
1008
851
796
962
985
842
907
807
775
952
847
885
975
688
923
861
835
803
829
908
1011
938
954
903
1008
961
792
nan
696
958
814
893
1192
932
953
901
855
803
1056
878
1001
1076
1057
924
981
835
893
963
946
811
951
934
928
1048
1033
761
864
822
970
853
720
805
1030
995
808
972
860
834
901
1010
731
796
953
730
858
853
925
855
943
939
869
910
963
863
917
869
907
836
858
674
838
885
955
896
814
1009
984
790
852
830
1025
822
917
909
951
967
859
894
1018
875
1025
855
870
869
878
718
745
925
855
788
899
904
954
906
892
936
1009
805
870
902
830
1022
1029
856
886
880
768
818
1040
894
827
933
765
886
856
860
921
1114
806
790
949
nan
807
980
946
842
932
748
942
886
880
913
842
939
897
716
833
880
839
892
898
810
830
1019
890
882
975
807
785
905
785
989
844
873
715
911
1009
1020
916
945
831
1081
975
900
727
819
879
959
630
935
914
977
1223
857
799
908
873
767
968
957
1157
1020
871
777
849
1005
902
1006
868
921
868
838
766
971
872
988
662
889
785
985
1128
729
829
938
924
843
954
842
950
960
946
953
864
1077
1074
989
907
901
837
871
818
963
938
852
746
1184
802
1014
855
984
818
1016
757
1019
nan
1077
902
900
904
968
809
949
891
1035
866
929
1028
880
792
905
771
900
899
813
886
870
1023
781
792
906
799
868
757
856
723
921
980
911
891
838
851
1060
836
854
932
824
961
914
912
912
865
980
1043
797
1071
1034
987
923
1093
903
870
870
736
989
922
792
899
882
771
974
886
1037
1001
810
827
900
837
760
798
988
985
793
988
777
765
1014
907
942
919
873
967
964
845
969
910
861
811
1005
883
994
833
829
1037
802
1025
981
986
1018
908
763
1037
890
939
876
1020
887
833
838
918
950
904
829
890
828
814
931
866
991
852
821
nan
797
1070
1051
1018
911
934
864
812
679
871
893
817
714
1058
1047
898
1017
959
871
961
866
928
1058
845
705
750
859
981
786
917
796
751
923
895
869
960
1033
1018
996
857
897
794
824
911
810
915
807
915
1034
985
1193
959
877
1071
821
939
947
1030
904
909
875
876
821
1014
979
981
903
866
825
1018
878
923
951
838
703
904
851
784
817
889
798
953
927
982
936
661
950
972
872
816
862
924
960
675
851
851
718
942
965
802
882
861
903
1004
1027
819
1003
928
970
935
985
nan
983
871
1108
634
925
885
839
nan
802
807
888
1056
913
858
993
806
900
727
1035
966
931
nan
985
862
926
976
910
970
843
893
769
847
783
855
810
1057
861
862
880
941
939
nan
1050
952
1012
921
788
881
996
1007
892
838
850
827
1006
930
906
822
1009
840
844
984
961
837
804
933
774
1010
937
932
927
813
875
1036
1070
825
661
930
1017
885
847
976
1020
953
1071
781
871
925
824
789
1042
747
1115
1060
1000
951
969
1020
822
nan
907
667
705
966
989
nan
883
770
842
nan
816
899
883
888
617
856
897
1017
998
894
809
837
927
977
1050
967
914
916
820
909
948
888
752
836
891
789
1079
1027
976
961
1033
803
887
901
789
901
940
700
975
934
884
943
831
807
1030
1015
978
825
945
752
857
1067
927
990
834
713
887
837
1046
933
850
943
952
994
890
823
796
867
951
915
779
1038
917
922
868
875
952
827
858
864
900
1061
889
948
939
843
851
896
1008
823
847
991
851
956
897
811
1023
991
938
876
883
738
976
802
840
1113
868
914
904
898
1020
nan
1019
901
997
952
1000
754
795
828
907
842
886
854
1009
1023
1067
897
902
1081
1100
1010
958
893
865
793
848
917
973
857
1027
928
923
917
894
878
1073
940
851
805
955
824
897
865
945
933
870
791
915
876
910
854
986
865
1116
855
791
976
876
822
851
1057
929
923
870
864
994
915
922
992
730
627
903
838
793
789
951
974
939
918
990
991
916
1071
967
905
916
1002
847
859
901
821
850
1067
914
761
829
1026
1207
955
784
1039
711
746
911
1046
1014
914
898
1002
993
1134
784
1008
895
809
1037
1079
833
883
949
985
1031
900
1009
799
995
872
887
862
1050
907
835
867
952
897
985
926
1085
871
781
951
731
909
935
895
747
1003
885
802
908
1049
835
936
849
778
801
1066
783
1122
1006
1056
1010
853
764
nan
1007
855
872
741
852
982
979
896
874
779
630
1044
nan
767
820
887
655
882
760
856
930
770
929
802
955
955
943
951
963
917
867
1037
889
913
993
865
814
895
831
886
nan
1107
1016
922
892
890
nan
910
952
814
823
1017
804
884
804
907
1016
864
1074
1022
997
977
778
877
848
795
760
782
879
1052
894
922
978
958
1051
946
972
nan
659
778
1035
921
1011
903
945
1081
837
828
913
1089
935
743
927
801
1003
966
898
975
964
730
863
947
883
908
1012
837
833
795
992
825
857
931
730
1078
1136
954
792
913
901
986
837
769
830
986
722
924
940
923
964
873
841
770
863
862
771
854
960
1063
843
886
883
975
994
1022
771
821
884
768
992
860
916
1032
1020
764
929
820
703
1107
962
856
940
912
779
849
950
822
859
1110
1181
991
852
770
772
1055
905
1015
1022
922
935
1070
834
907
839
1007
886
957
715
866
844
807
820
772
966
868
1102
1100
803
924
891
1029
850
828
985
996
791
788
775
743
835
927
999
924
913
815
678
843
883
970
918
1114
727
906
855
719
944
952
856
nan
958
895
915
889
834
948
962
875
931
772
891
924
771
875
912
889
954
825
855
676
860
863
746
1013
900
918
1018
903
946
891
1028
737
937
829
793
703
1005
996
729
701
998
983
1008
869
782
988
911
816
917
758
894
816
853
1007
889
887
942
970
861
780
845
899
988
1062
866
828
854
911
839
909
813
933
1030
869
992
963
948
683
779
895
880
928
947
921
886
867
974
980
903
868
949
760
1025
963
940
902
886
910
999
726
1082
700
869
790
840
nan
894
949
960
951
920
976
902
909
811
840
1062
832
1010
801
919
nan
937
966
822
910
762
790
836
872
912
771
947
806
983
714
904
924
941
943
922
917
922
831
1061
1101
nan
794
826
837
959
838
1054
1021
902
921
984
972
897
805
891
839
905
771
821
961
961
827
978
802
814
1032
907
986
857
693
678
847
696
1001
1104
961
859
815
977
995
871
990
979
882
827
987
967
899
957
971
840
901
932
821
956
999
776
885
nan
917
1165
781
972
861
631
934
851
958
1016
990
1035
1010
1091
808
1126
979
825
895
901
735
793
848
919
951
1051
737
860
921
1030
924
840
1047
838
1093
793
850
828
858
842
969
1055
999
753
1049
843
942
755
842
834
859
883
690
765
883
897
860
765
999
761
876
954
938
1007
884
813
752
691
910
853
1001
964
1077
897
1052
976
949
898
886
857
918
862
848
810
1010
863
840
836
681
895
906
902
793
832
879
1039
812
890
923
903
775
843
968
896
858
1069
1024
906
669
1060
707
876
1075
974
998
nan
747
936
906
984
880
995
953
829
822
819
936
1051
994
957
902
907
845
898
1005
836
980
827
807
893
975
741
798
902
1054
570
824
985
987
960
949
828
667
681
959
1035
667
1036
759
897
1006
950
843
1136
914
940
917
688
790
707
989
897
908
nan
939
857
878
1035
789
901
879
1008
777
902
950
712
972
1026
794
1064
810
1012
907
947
884
947
822
729
806
790
928
966
794
606
841
1002
886
985
863
721
946
841
916
873
889
1090
984
1033
961
822
897
941
1030
746
774
778
844
855
911
936
897
908
963
897
778
952
994
838
725
1000
853
973
973
791
899
816
944
979
895
957
992
1018
906
937
716
847
755
902
1081
1035
955
1076
788
1049
1023
869
907
852
749
916
680
938
942
1020
757
811
802
824
949
884
997
845
1095
1150
946
778
962
953
835
983
791
806
762
874
848
908
1035
985
897
869
869
1066
858
1048
846
939
957
1015
892
875
900
914
828
924
1026
961
835
909
786
907
816
889
1025
881
711
823
730
979
884
926
620
864
899
804
951
844
nan
863
939
927
876
699
890
943
921
930
799
816
871
1056
1022
950
854
872
860
845
nan
1006
867
997
887
766
941
936
771
858
860
867
1086
787
860
1056
1010
953
909
896
950
867
690
692
897
924
997
907
1086
961
866
921
867
946
1011
918
911
843
990
784
846
1016
731
870
916
848
902
979
939
808
922
821
923
937
802
926
931
818
1043
683
921
935
1051
702
968
713
971
1028
873
nan
783
974
953
871
930
861
753
941
959
926
833
949
788
754
971
942
855
1001
791
837
815
886
822
1061
913
867
790
881
888
893
809
982
973
869
967
957
865
849
874
936
887
885
895
903
878
948
811
1016
994
899
876
710
969
851
900
944
1118
841
883
876
1091
865
907
927
858
865
916
788
866
921
856
1053
936
915
981
904
833
961
709
931
931
790
1060
859
859
nan
1033
775
932
762
894
789
770
636
950
970
906
784
857
nan
1021
878
787
894
840
938
968
768
961
965
920
912
865
812
839
916
1003
1030
732
883
752
874
933
1029
721
1049
816
698
882
849
752
974
805
895
1071
806
820
812
926
1105
933
901
767
913
760
935
1089
842
862
993
927
708
869
937
754
816
836
845
705
834
912
1001
917
918
902
928
926
712
848
922
1016
795
920
957
1064
845
1067
701
873
959
971
1096
923
826
924
994
1063
913
948
1042
1034
943
778
894
771
943
944
869
986
879
1006
885
887
1087
997
nan
1019
823
888
943
nan
703
927
916
nan
803
800
954
789
956
796
979
887
960
833
721
993
851
940
971
732
1081
848
894
919
987
947
846
1099
962
1023
952
913
830
920
984
731
850
886
866
933
893
980
973
899
872
873
878
894
784
1008
1035
893
743
964
1052
811
903
890
926
916
945
889
824
936
890
968
818
921
760
854
934
942
823
990
883
842
1121
1103
1049
1046
916
841
766
774
1016
1019
715
920
866
821
843
784
821
985
965
954
1044
876
969
923
883
948
745
909
802
1109
753
771
888
831
938
996
943
889
835
nan
802
818
827
1047
873
899
792
818
931
916
731
849
1012
820
849
884
903
nan
939
884
779
856
822
782
742
955
970
nan
964
811
905
975
965
937
777
896
1040
884
754
881
838
868
913
932
738
nan
943
1052
1000
1075
1115
1020
839
nan
828
819
802
1171
869
784
869
919
743
816
951
844
828
1034
1044
882
1046
847
1003
823
1051
887
908
784
741
1093
738
867
nan
871
631
863
891
1027
799
864
981
979
1096
864
912
956
998
869
965
968
831
959
918
762
879
1005
923
894
937
917
900
855
711
891
1003
869
861
927
781
1086
915
813
997
1009
916
1207
715
920
944
755
935
1050
901
909
755
804
743
982
857
869
792
984
1030
805
888
nan
934
929
881
816
919
942
828
945
776
927
793
1083
850
908
934
883
920
939
834
1035
864
936
936
910
739
1049
1057
845
nan
883
1146
818
903
983
738
891
1012
816
1032
882
872
934
951
1080
830
915
958
869
843
694
983
889
956
815
1059
812
906
943
888
770
892
832
1059
855
671
909
846
876
1054
930
916
875
799
809
819
909
634
983
799
732
751
960
888
721
893
742
1026
823
929
931
967
nan
831
nan
1024
859
889
771
989
1093
986
1058
862
824
820
986
948
734
709
930
868
1029
906
920
894
889
696
886
892
1043
839
918
777
994
851
872
806
1171
727
850
884
972
813
1001
845
949
946
865
786
1039
902
687
836
1090
nan
832
990
710
901
1004
951
903
923
925
837
984
760
674
889
993
863
914
839
888
996
746
1003
698
801
890
949
1002
867
1071
883
754
828
885
921
975
1101
932
752
820
1048
874
938
1070
993
920
801
932
1023
977
892
675
826
912
964
890
1016
952
1011
868
1009
1069
864
1017
842
1081
863
784
955
770
879
1018
902
856
927
872
1150
934
939
881
822
1004
924
888
1002
nan
957
809
932
nan
942
1014
758
1046
883
944
986
893
963
865
778
789
968
946
732
823
962
979
876
912
792
868
748
706
893
700
989
707
946
1072
941
892
1128
956
865
1001
760
939
849
959
1074
730
1002
961
1023
746
844
960
902
932
927
1001
873
745
911
1022
997
891
928
995
1006
800
993
993
849
959
905
1030
994
835
801
1023
892
1040
958
857
771
984
964
1002
1009
968
812
949
926
922
nan
816
749
955
965
893
728
836
834
922
1049
901
825
753
961
1004
1012
nan
887
763
1057
750
729
883
924
891
771
874
1003
911
1034
928
788
940
919
834
809
1033
892
913
818
768
789
843
654
949
969
846
792
898
1008
789
895
820
1065
851
808
776
785
835
944
822
900
862
721
749
878
895
960
840
914
869
797
1057
909
1005
981
855
922
792
nan
809
1044
912
1161
936
889
1024
731
971
887
944
930
805
1035
888
980
714
832
761
930
949
871
1087
958
nan
839
991
820
939
807
704
819
872
1026
1000
977
987
929
818
1021
857
834
830
803
748
853
905
879
917
899
936
581
829
967
1014
932
876
751
851
898
1043
867
748
872
763
771
851
1054
680
892
965
1024
596
854
970
930
698
1014
888
1024
845
761
nan
876
796
1011
1030
828
890
993
1122
958
778
809
975
821
936
1059
1020
981
798
947
928
877
974
809
860
891
957
887
869
1135
814
1014
961
909
1024
869
929
777
1153
1048
976
805
957
862
914
783
867
755
680
881
892
848
955
918
886
813
974
737
1058
743
844
853
974
780
900
798
798
823
912
863
871
877
898
992
949
875
865
922
962
942
854
930
764
838
1027
1028
921
973
788
881
908
939
748
919
950
961
701
906
813
887
907
1035
859
903
739
872
798
897
761
994
948
891
810
871
882
1148
780
918
1050
1123
802
918
888
953
950
943
818
942
908
822
811
nan
954
835
897
918
937
870
817
952
784
914
946
974
896
773
1046
978
952
941
1010
1003
832
820
981
882
775
906
1038
1035
977
957
967
1104
871
1082
975
1003
1065
759
1031
863
1047
946
1057
866
881
599
814
818
816
781
881
997
983
778
970
883
784
712
980
950
855
747
nan
nan
912
795
802
1019
891
698
928
785
1107
875
822
781
1027
883
761
934
846
838
1068
984
884
857
nan
720
831
1098
1087
798
956
888
870
772
nan
949
875
824
986
800
770
966
898
790
889
950
1043
nan
1105
929
751
790
979
875
976
920
864
905
861
991
931
1031
725
949
901
1033
722
768
890
811
865
900
944
899
1066
799
887
922
976
982
781
942
1047
819
931
919
906
956
841
829
864
881
891
863
920
727
872
733
654
804
975
nan
1023
877
847
1051
999
1017
995
993
838
875
945
1022
903
nan
779
954
687
866
882
1116
1061
961
978
1097
998
749
1026
1086
790
836
672
966
854
1071
835
907
926
897
786
953
782
809
729
754
943
896
898
872
818
904
858
993
1023
930
909
1041
726
1096
933
856
1023
890
966
869
897
951
822
785
942
812
807
990
979
649
923
786
1137
906
843
784
989
1003
793
858
933
801
793
905
1047
983
887
876
899
774
867
875
793
703
742
876
846
802
965
910
917
1033
980
1054
907
958
998
1004
857
832
618
1035
949
893
817
1121
953
935
833
864
869
828
1067
881
871
837
912
890
877
941
740
849
971
869
970
938
745
880
807
950
727
928
619
722
765
948
1008
834
895
895
691
1143
813
945
1018
940
1014
896
1040
991
819
861
901
1035
863
784
870
999
837
884
1014
1047
1036
881
815
988
949
970
715
928
975
935
837
931
779
1036
850
790
938
822
915
824
771
824
1025
759
925
684
1001
912
855
815
775
690
1026
765
nan
787
947
734
903
1021
866
883
793
1069
820
883
nan
944
859
887
922
1126
716
922
846
832
1016
999
970
nan
857
952
719
881
892
879
827
1032
841
969
903
904
912
841
806
1023
712
807
924
790
1044
1058
1065
1063
986
864
914
704
731
920
657
794
815
959
772
959
1016
892
760
766
962
791
918
nan
957
846
956
754
808
953
910
841
856
741
818
828
896
825
1077
963
1114
880
832
977
942
1008
867
867
770
908
792
732
1004
975
949
958
1001
791
994
1043
977
901
1002
958
868
1077
912
977
806
nan
1031
895
1043
806
941
825
1007
776
986
901
952
763
895
918
842
959
866
842
932
872
957
980
898
964
945
854
987
912
847
935
1060
746
941
857
889
894
965
962
982
835
1022
983
950
1012
1101
1068
827
766
876
1004
871
932
800
917
788
743
812
1195
928
880
757
864
822
1013
956
934
832
929
959
823
857
868
814
1111
978
1120
923
1020
873
939
1071
700
884
865
776
nan
895
919
1002
761
857
962
947
729
1170
1076
915
851
957
833
788
728
910
1152
989
902
807
1018
788
1004
882
754
962
981
954
782
698
880
810
893
710
1024
858
950
829
690
838
817
842
822
1162
737
771
740
1011
880
794
937
1058
977
908
750
1006
908
952
893
1002
859
928
888
867
819
813
842
893
889
773
891
930
832
902
nan
1019
798
953
665
873
1053
925
nan
nan
662
868
963
851
954
851
1083
1008
nan
867
716
791
923
999
1053
742
865
828
991
861
782
1006
811
944
778
932
1111
838
936
925
861
906
758
852
697
1085
924
718
809
1025
970
1044
844
nan
867
875
719
969
865
1058
nan
945
nan
919
1035
914
916
802
847
897
955
1015
1037
932
1007
862
1071
nan
810
861
1039
979
889
961
1069
851
823
833
913
735
916
1070
820
796
826
770
942
1010
962
934
1034
757
1081
766
825
1048
881
891
833
896
1094
910
807
1084
893
891
1002
966
897
917
964
1201
941
895
1094
1065
999
844
873
963
1017
858
870
911
954
990
788
995
1091
898
994
814
1032
863
919
925
897
866
818
702
933
865
757
818
847
935
835
879
804
919
914
791
nan
1021
910
869
859
775
830
1073
709
938
703
978
951
892
798
nan
946
793
810
849
855
826
967
677
915
984
907
948
806
815
855
859
845
911
913
924
972
838
887
949
998
990
956
916
863
1021
822
846
750
918
879
804
1106
817
719
870
882
1090
866
747
925
862
1048
995
838
752
1101
834
nan
772
845
937
792
775
799
nan
932
905
901
818
1101
1053
831
1112
855
846
1115
966
930
883
1137
929
824
954
748
890
904
809
830
954
948
948
1031
1000
987
949
903
795
977
913
1020
874
797
674
859
1013
797
890
925
821
962
915
951
878
913
873
1047
763
759
855
912
793
764
nan
1150
1044
1068
854
742
774
907
nan
728
701
1005
740
958
nan
824
962
860
853
777
778
1016
877
956
993
971
1062
853
875
981
1088
884
874
1045
766
895
943
820
769
965
912
870
943
796
1007
859
753
850
950
901
705
974
761
736
1061
882
869
1130
975
914
1022
787
794
761
888
1002
878
883
831
806
692
900
1092
908
783
801
691
869
979
1010
1095
711
930
853
959
1077
763
708
953
804
972
866
871
810
909
1064
875
844
840
841
968
1137
769
922
990
884
948
1010
807
904
979
738
968
723
824
991
947
1008
1049
1025
893
922
891
836
1012
1034
1058
991
838
905
752
989
879
1003
1053
937
1014
872
886
846
899
1109
955
924
1052
802
945
792
1031
719
nan
877
902
1009
793
959
884
872
999
863
994
895
852
1024
1079
956
828
904
1018
822
937
1050
904
770
787
674
1060
858
1010
1020
843
nan
nan
956
755
902
931
879
818
925
921
1066
835
897
950
878
902
935
1041
985
843
1024
889
1102
886
861
1074
926
997
867
1098
nan
1021
817
1044
980
933
1142
1021
916
1000
938
699
1011
921
883
954
762
958
1014
985
944
933
931
1021
751
811
916
929
904
nan
811
881
950
739
933
972
887
757
745
866
868
855
863
772
1032
910
nan
792
826
958
871
1085
771
780
910
919
1023
685
906
829
835
928
1017
935
821
822
715
964
958
954
968
763
822
833
896
1016
949
857
924
896
798
812
931
944
820
1075
885
838
1159
916
900
744
855
956
660
866
nan
817
903
735
1048
982
730
795
842
714
972
1027
841
986
951
875
965
882
893
1038
869
952
904
949
949
926
1067
680
798
790
785
876
822
1099
921
977
971
886
716
912
901
736
695
997
1034
845
912
1047
900
849
879
736
nan
920
790
976
764
967
920
948
991
919
871
803
892
879
860
869
950
916
853
952
850
1003
nan
850
890
918
827
903
nan
919
797
761
895
864
813
785
815
840
796
962
974
948
1096
nan
902
853
915
920
1030
864
966
921
985
834
876
798
859
762
883
815
858
884
873
1010
655
857
769
1074
831
886
887
956
716
830
801
1068
970
770
1022
804
911
917
988
890
878
980
861
830
648
854
895
817
843
761
889
906
806
1025
890
882
937
913
860
887
1009
960
974
786
778
810
895
779
915
838
962
924
781
771
1000
816
898
975
783
904
849
886
736
637
945
948
817
842
1072
947
815
1031
863
924
807
979
819
790
872
933
848
877
922
997
911
746
960
1030
906
1091
840
806
920
847
985
836
nan
815
804
866
756
946
913
1059
753
949
837
873
841
728
953
828
899
813
861
780
924
809
925
842
924
nan
856
908
799
1005
962
969
836
937
854
805
878
879
1078
909
905
992
800
899
730
994
1008
914
929
773
835
853
890
998
749
978
1095
973
727
825
1018
907
973
931
955
939
985
964
994
930
nan
741
1071
993
959
844
833
883
1062
1053
913
958
565
1041
890
947
775
890
913
977
880
907
882
933
1032
948
974
826
993
919
1220
953
827
1073
993
923
753
1042
833
822
867
880
842
684
1106
812
914
977
916
1040
1070
975
828
767
796
925
823
976
940
944
931
933
1080
831
933
880
750
822
900
862
981
990
894
1108
927
824
922
950
689
881
1118
865
1001
915
854
897
954
765
946
873
779
1057
866
865
894
787
809
971
877
1039
832
798
930
887
901
980
1005
903
879
927
1080
1018
1001
955
929
1065
830
950
nan
840
926
914
1073
1017
1021
829
nan
866
966
836
1102
901
872
777
845
783
886
919
1070
1100
1101
674
825
899
876
787
997
741
917
1004
918
856
896
783
1023
643
870
925
762
862
762
854
867
1052
982
750
850
1000
857
858
910
948
848
972
1035
926
927
811
981
760
925
768
949
1099
909
839
769
956
934
895
898
nan
925
1125
968
871
1066
863
922
812
890
1008
996
907
1107
1018
929
984
678
899
820
846
1007
661
986
912
865
922
809
831
911
785
983
908
894
846
850
nan
988
841
1016
956
904
852
821
924
892
923
813
789
899
955
805
644
916
856
808
897
966
878
894
882
970
916
952
1018
1078
684
783
743
963
985
864
792
862
1050
1009
972
1069
904
925
795
1015
819
1013
1031
1023
837
1012
988
978
903
965
1054
777
638
992
877
935
771
1051
855
851
956
1085
933
909
808
926
1007
862
1047
868
843
963
832
1099
909
1008
934
821
988
766
977
909
818
933
1093
966
901
993
909
879
806
618
823
856
1023
872
827
798
910
912
868
888
1002
946
1170
897
955
1015
986
834
892
807
983
755
847
951
819
1008
997
946
931
835
766
966
916
863
944
821
957
735
924
936
901
850
984
903
982
993
984
956
1139
882
738
712
821
877
936
997
623
902
937
975
1014
892
906
862
822
804
869
887
815
758
909
693
nan
864
798
938
910
928
1062
935
847
803
862
968
938
1079
1019
1035
835
978
1036
935
nan
1092
865
947
1083
821
712
688
848
953
784
827
895
883
897
829
899
860
728
898
835
1002
1051
1118
971
919
991
912
1011
855
979
913
789
754
958
699
769
981
958
807
942
935
988
951
720
824
866
880
980
nan
975
803
976
833
973
703
933
818
961
966
669
873
1075
1188
967
993
932
865
960
871
925
796
710
821
701
837
789
981
938
1015
951
745
920
966
1058
996
831
851
924
877
704
766
976
918
813
1065
778
672
894
877
831
696
886
844
849
846
972
982
814
783
812
782
850
1089
788
756
862
842
983
944
914
902
921
948
958
851
864
915
893
955
1004
838
906
813
891
787
902
nan
829
929
802
942
995
901
848
1006
745
803
838
1088
939
766
940
907
882
960
921
834
808
1125
864
991
936
907
893
1007
798
822
1037
965
971
811
858
974
785
nan
950
683
981
987
620
661
825
775
896
638
867
917
870
746
796
757
883
944
nan
954
996
847
936
970
952
840
990
854
815
714
897
742
810
1024
971
838
978
956
824
825
833
996
734
822
1073
888
928
768
891
889
1060
976
860
1038
956
934
809
968
721
904
1104
851
956
814
695
1086
913
1012
912
1197
959
929
820
836
857
847
932
910
867
973
858
nan
1025
849
776
1048
1020
863
845
875
917
981
738
898
705
899
869
736
949
727
949
834
699
797
952
814
872
969
753
882
872
862
958
881
863
896
962
nan
1054
1085
855
1039
959
1023
997
1133
660
916
757
854
919
872
956
854
nan
1030
816
891
874
828
869
905
760
911
909
949
924
884
1110
910
850
1015
972
938
917
859
823
984
967
948
776
1080
950
1018
nan
900
701
1011
778
nan
811
1028
958
926
924
842
935
893
904
1044
961
761
911
806
894
933
887
814
956
999
963
1086
792
730
1028
959
959
887
752
742
794
850
992
981
907
813
967
884
799
818
882
762
1070
899
743
935
803
977
777
973
980
1041
974
899
1015
933
760
759
941
969
913
nan
978
927
757
1062
1015
995
879
885
917
999
1016
910
1000
715
1007
1003
906
958
764
944
701
732
790
915
918
864
971
858
806
848
747
1029
961
1072
851
860
936
785
911
1019
816
nan
843
833
947
1042
820
897
1070
995
822
801
925
971
774
963
814
878
997
809
964
965
898
986
1016
822
981
881
1059
776
830
835
968
808
988
1091
919
893
852
700
893
839
943
863
917
872
922
940
901
775
893
835
868
1031
903
720
838
844
919
939
958
708
826
nan
899
875
822
888
859
801
896
830
872
1119
952
787
962
981
916
1015
973
994
763
nan
909
888
801
908
871
858
1063
1037
894
845
870
922
1011
869
808
1048
1016
876
925
685
917
926
940
845
842
919
950
871
813
809
975
930
730
1057
1064
957
756
943
875
973
935
997
954
1026
875
959
820
859
888
835
955
957
827
1017
827
950
726
812
817
916
979
942
746
942
903
1055
880
768
900
1044
918
989
669
981
980
705
857
1002
870
896
921
765
953
835
783
1016
944
1053
979
966
984
841
836
1074
884
1048
890
685
853
736
798
877
924
804
810
791
635
985
1029
843
964
825
956
858
643
953
796
1000
1017
971
757
970
869
1035
933
840
729
816
874
885
841
1131
1017
783
934
1028
863
1024
987
731
786
907
721
813
777
972
835
1048
695
936
1009
806
835
830
816
747
825
969
941
885
1003
993
869
956
1060
998
894
1077
1069
791
866
798
974
906
916
1078
923
1026
1009
1049
909
910
853
1134
821
847
812
910
833
922
862
745
1018
804
856
939
997
845
825
921
919
965
709
807
989
845
1011
841
845
700
1144
1046
702
951
1024
775
828
970
816
860
1075
876
822
882
688
806
845
952
820
nan
974
886
1014
841
836
838
987
860
916
956
897
827
1095
928
681
936
996
1077
874
959
nan
1001
774
1004
717
965
843
1027
866
814
704
920
872
849
879
938
1022
1020
796
845
993
784
788
946
838
908
848
1034
1066
958
759
1128
823
887
860
777
879
795
868
891
807
751
901
941
764
969
866
903
901
784
790
933
931
916
848
944
956
907
820
759
856
1185
765
960
714
870
859
1023
943
827
947
878
891
874
1057
839
835
1029
951
974
821
917
854
767
1003
963
885
793
750
955
811
961
1013
959
663
1056
839
1069
877
805
810
1005
nan
971
749
802
865
971
992
892
802
904
734
880
919
780
900
1078
895
965
870
859
877
816
960
796
828
844
957
987
742
781
1074
965
1009
892
840
823
736
751
951
924
991
907
nan
931
1116
871
731
870
872
864
735
801
875
819
983
907
933
824
1025
708
839
964
948
805
745
899
763
1011
732
773
922
1095
779
874
765
967
989
586
732
1096
764
930
822
857
980
956
891
936
954
937
876
729
883
796
870
856
870
nan
804
1083
846
1050
840
775
800
868
871
825
917
928
1120
1020
937
964
809
998
874
998
848
943
982
792
934
957
903
892
829
744
916
864
1042
949
858
1102
728
1088
816
988
902
907
nan
1033
768
992
755
985
727
883
818
1006
913
991
860
960
942
876
952
906
941
904
963
742
913
936
815
758
969
984
733
823
907
1052
818
954
779
884
834
1006
992
922
834
868
949
968
1156
845
834
821
899
876
967
1036
881
807
875
861
706
1032
832
906
889
851
870
873
907
947
909
718
1037
722
887
1047
1014
926
1159
787
778
1026
827
916
770
987
1039
937
1020
843
877
973
1049
766
nan
844
876
907
720
929
916
859
858
913
874
830
936
797
944
nan
810
911
929
895
913
721
917
986
1080
712
nan
843
800
903
782
847
672
1044
933
819
887
976
1130
943
906
976
911
959
864
970
918
946
916
807
706
832
923
1004
898
861
1039
nan
851
1122
937
901
824
1145
955
936
871
894
805
1084
696
861
929
809
972
760
1059
1071
822
1044
972
820
698
814
757
712
941
867
818
678
954
893
921
756
nan
1045
884
945
953
897
787
797
788
942
772
1255
993
935
991
783
853
980
992
823
911
881
1067
867
764
905
1022
839
854
936
989
818
829
1075
986
998
711
968
1004
941
958
1122
856
858
857
1062
873
863
835
877
906
811
848
998
939
811
929
823
677
970
989
964
938
866
1064
1032
721
847
862
859
910
889
820
1021
831
1081
792
765
906
nan
816
915
928
1068
828
870
1181
917
931
1002
1016
980
915
936
979
920
1130
951
1002
724
719
909
858
995
1019
1084
1062
1056
975
976
841
916
806
823
956
853
940
763
1030
874
875
884
911
842
971
921
833
1109
910
867
979
847
800
931
658
937
810
927
882
750
917
993
978
862
931
1059
949
819
1025
711
926
934
1045
1109
881
879
912
807
934
962
828
821
985
800
777
915
724
939
1000
949
941
1045
1103
786
860
968
866
933
933
1025
1018
873
946
854
966
780
852
1020
775
960
934
843
933
884
871
900
1084
971
730
996
838
745
1008
961
871
873
952
966
940
nan
1000
942
913
807
955
882
919
798
897
925
844
854
736
828
nan
916
1008
934
955
963
731
869
920
903
900
840
863
939
898
795
805
762
838
831
875
933
803
996
813
680
863
754
873
883
675
763
758
871
884
895
1113
910
970
800
819
998
941
1214
1050
946
1132
915
793
817
962
nan
1038
889
851
795
1031
980
966
859
nan
921
913
1153
682
847
871
829
818
929
1020
969
nan
984
921
822
890
941
919
911
816
1048
929
987
1198
888
933
987
757
915
852
1025
747
768
1002
963
788
1003
837
850
681
992
885
1001
815
881
1014
861
1081
902
875
1129
829
863
944
1042
888
797
979
